100
1658819998
1155001032
997659591
112430161
1975590214
1500060431
57648037
375433062
596518148
1226849240
1664681833
890614115
590411215
1666841365
678646440
725067863
1393360363
2045934053
505473007
39521117
658966496
676730693
739362739
1129172831
694782078
1333796207
1678543663
1938157049
1573564847
643270724
1018379270
455724300
1431624898
912879698
1145910118
678006930
714241528
1971258013
1703202222
1910214291
91066187
1541048245
1745070895
1222365186
1463113900
1867559150
445649498
1755635797
545530399
1121726950
105911637
1940423343
1008462459
1287606289
606188404
546084660
1847256989
677129444
998719855
752418033
1506167095
1760618476
537554119
208375104
1762028318
610448496
1278490553
2016836036
1081372804
478612267
1710113454
2103173577
457479019
858416073
603798365
1178888480
894556138
271998719
1637269417
1879122508
1517479174
756685646
217494788
417734722
743430611
778420831
448529093
760865081
1741782129
1782649846
1451602425
1667727055
532052741
88511879
1560466629
1692336439
1825109405
2104839734
543292307
13336705
