1000
1749779482
902691956
1719222084
573095403
550281426
1515342800
1357869827
409465720
1352751052
277560175
619379941
1065431378
986521360
1890742680
1396698101
161238150
1952708183
1321338227
603187562
1650540694
1591175759
277125422
1902420858
103340223
1672341185
772324359
1064339245
1958394852
260419995
307183379
280363465
489634737
133689455
650775423
448320190
1544799654
370492548
1313161583
617285262
219899777
36195552
600770363
1826866394
1569782799
1502899398
527526172
1319877988
1830754453
344397355
817916820
685169293
832992237
654632466
849132481
1340773852
840222593
1916141526
925857070
213269328
267388853
1468662847
639430911
907151589
1510346270
1133052350
1473348501
2081806397
2116537455
1725877277
757774510
1338162860
2054436636
1674464786
2103948014
588539796
278673290
150923
389079214
166644583
476830793
1833650994
1781921708
2098688941
246129412
643523362
969498842
1408607705
609973407
1883604318
1681332199
1560441367
1267758005
2023528148
1886549544
1789621700
515952018
66599940
506211493
1713837084
261713577
573579583
97960098
1442893484
1325443664
883790517
1870316567
1692400430
753122495
461158047
414813906
1045399980
1473747753
202100173
1525961704
1588646654
720130627
17613497
1824784440
938120273
162492037
1551950522
296046792
2086306692
443584228
1404381259
443055836
1113631503
1484687316
1527225519
1354748889
1642951929
748337577
1645419807
1423773830
2103965936
889754850
1181129889
2058695202
233739550
713026487
877416749
2120580141
951824175
703222722
1461779213
910311211
927022049
465718558
1901394638
35529859
149886347
141516098
1196661857
1111476444
1771832702
36489565
1247279560
1439686553
1113645522
1720304649
1587896182
991849605
1248243221
456067804
762445685
389706146
2113556119
1010687006
20862072
589009643
1732940878
1364115932
161053752
1001014644
666231110
366530312
1291854188
1133666546
1058722438
2046000071
1615037533
1890002698
1844722509
1029797024
1227871195
1660810342
246974288
1958452412
1227830915
983824382
1659790021
278308417
310181353
1275188602
208036754
370347162
1017142728
1147999376
1432427784
1522082818
820719062
537810353
219932648
588658449
125390614
758591791
41819098
626427517
1402440625
39074903
1749382386
671150425
1441078931
893022451
265125074
2076034840
1750743071
2065346750
357157142
523292229
1026958338
762715827
635015446
1858358979
437198085
1446658208
174650522
1888661452
777237457
2034398745
2052563328
254548288
405651592
1673211166
361709497
1872795069
398910604
46575494
1110280150
993072267
322686985
1003948220
578719061
577820964
515890214
1175343759
1447972407
787556645
1522816054
259314632
1056700261
271525937
133673284
378989426
238785780
1773151864
732808829
499273458
1070399777
738541120
205124180
810839825
2001198560
255318606
467484336
1514054426
1179004479
696667684
812921544
481427794
1786035509
372381997
856876221
493309565
1766981535
107304382
1725968441
142484211
287867872
2062151660
344370687
369707744
1007862637
1943816170
49647379
1199843817
903586989
1729656186
1992872310
2049955558
1522914485
1913644449
1907156871
244615775
973630067
2122629576
1036939868
1018566071
1447805060
122439263
547359415
1797227804
1650206773
273932806
1931214921
861336489
295106196
1310095249
621017252
666429944
1560849703
1688210216
1195156148
1574829045
415810040
607554942
2038652356
528559407
1505589457
642191198
54654964
1610462679
162359165
1466254465
963943930
388998542
958273926
1730005429
1420148470
1302082532
1242752394
513535236
249934159
165396781
979859049
1586431347
2142171524
913461913
193779388
1264965264
183086748
1942391132
1868837477
455654917
265504817
2015924500
793572781
1704282397
737362693
1874138061
1495740678
470003364
901685082
1976559942
618409751
1939317224
1745273249
328361570
1887417847
1350804692
1924826007
857041241
1119317058
405046086
86406412
533621112
678319512
1672839908
564427232
893219425
1428183445
1054437596
897620928
242316721
988135135
1096171694
95453445
115765806
55717260
137118728
304508265
416879054
1394604064
1473980290
1962865885
243143981
2006992073
990127482
221809371
2065970852
109021221
516110456
581983759
1760509075
846335159
1570823232
1809587653
1076275157
701805018
1256748202
1665362769
1597687232
193786136
1378378900
1508072111
1565967683
1806754196
699003592
1417821654
849991666
748710618
1472668953
1398061396
1599300745
1542295363
1230546651
1530042747
1459259651
1513705617
1759022557
1632230897
948579101
1997838826
1770327737
512346574
1746928395
229112981
263692596
1622697211
1777192024
2063784892
2024297147
1926213855
560282460
2098996772
1124877735
1521547604
415311952
826124514
1192928943
649416609
1233053409
711451513
176632495
839943311
1517216246
632622044
287157211
855490468
825279011
2014945551
1520246114
16005992
577251669
1685167384
1593886252
735224686
300392764
2114614098
1612270883
488072735
1798409252
31966839
395751323
635630902
1464909736
1985403744
1079818322
122237057
1443850467
229587769
1801003571
685013332
359239357
1159341382
931478043
195682071
1031103740
1715010537
656585325
1458578989
811237618
96970923
1997698435
1558259847
1110173364
1345803612
1623536680
853761978
1839318639
401267108
997632576
1805872703
916136270
44540900
1274597144
1004820383
204777073
1419463417
525814996
477430367
1173272977
1004077685
607153669
1736907986
1467307031
1474551516
826043032
1970944616
730906137
732983719
1291166041
305398152
340824334
895694989
85314653
1511780422
1614524897
1864064034
1832777002
2125123693
5891347
231621267
1618266105
318037480
169128977
1429851458
1171444676
340593836
1316682397
1809547691
404633823
1747436759
183252141
427183989
643471202
92845722
1384921932
1955144938
1473690219
1382609882
1751226234
1595932703
770188291
1670666368
540962451
1657636206
586361711
178820694
1109781905
1209003140
225506066
1919297954
288851291
1410605617
1976625686
1723369159
1553508224
706540542
1389805131
275208298
1893572495
1712758572
1462515216
395411750
1370878432
1757961
1628763116
647642303
1477063525
95705355
54649882
1525049505
1289703590
1495787959
1264655131
1413132358
1493888733
1556618454
1440568624
906227290
1008038506
604679159
950007709
238649718
1633841477
100309750
131305355
1383396016
2078878490
151844740
843972544
517058573
1484600649
70613250
1385919606
1543182680
1111297941
919216428
273148878
1640638907
528082469
2079627079
1995961828
288393409
157433784
289754584
1559865539
179751397
1719721697
380156506
526546517
2034685579
430931425
1349602291
1043425223
496261559
1989020812
1742338082
389133682
1082088259
1765846217
353367579
1256616298
1595935888
823718586
1558686340
1835790274
1229578669
293554802
1005620055
759962495
1604404756
1426062360
1912584000
1264059704
2143209004
1170519097
1964256759
2144726829
910800108
553979340
1389157635
130161261
1481960981
802869761
1192319026
1135959825
947156945
1717983051
1223504242
1279875269
1667437731
2111835214
4724082
2088234882
638418853
1077361959
1787817056
250071368
323984797
1341438034
1265711232
1983152689
1901042583
560992415
1146308575
932422788
1041625757
317407555
319397737
1556131906
1853090976
2092184838
453336288
2098496507
1306858468
2055013807
637559548
1667408353
1618079168
1471154615
1716386394
158293807
1859259263
535885744
85283890
994746681
547275672
389759203
857801471
1011600786
346377003
1877606051
1800190139
2046047237
260272848
2129051044
1588370194
368634701
153098112
434559278
45901899
526587220
571297253
393545434
68476478
1980414601
979154154
476679317
1435277509
25287012
1944532225
1346965529
1824522876
836981419
1128821283
1228765783
1663765329
519316916
785865804
1022138778
1364749493
71895244
1457556294
802671929
14840249
311961891
1135919710
272944140
347090988
992650064
1816655752
1758214465
935530535
1733922058
674939016
691418458
636009689
1388731904
1564834932
2095960962
1641626593
2095735542
476300
1562723159
963130503
1750116482
124200015
75547221
559307970
753128871
568319479
1885705344
486054182
84843686
38688994
1705860764
1495173098
1668104539
433975388
969880904
1387472798
1877876860
2056709708
1223280244
1810108177
1234787437
1937972698
622661237
379598428
1884347806
1292233133
1060144220
172086381
1742816605
1989218802
774988718
747064371
1721483035
2065676861
1610365425
675294834
229200643
1737027830
1334041492
1506081364
319737559
825069319
638135754
614284360
1323347391
11468558
1626009723
1616006386
993645893
1373684579
2067514003
274956314
1953444701
815094371
492909184
1480229009
1758387415
1694817538
575267358
547107112
1851738577
837251315
1369996061
204134093
1350316792
167141648
241067660
1470003378
1694898958
1943693298
132021322
531751503
1468055754
1173437095
1614925264
3097615
522007777
914010044
816282517
1134726183
1688172321
558254883
233764838
1138041903
1580903539
1578099289
1691709773
2030152178
1547472110
189303953
1208256864
567747216
857615691
36679973
152499522
1111475383
1754000475
977960956
1897437001
91517857
542331347
1042351161
1771854348
400293887
1820576405
1080636379
986419174
173302578
708603114
1695714383
616155744
563443574
1540748595
1003820639
581948841
1173642249
767981248
1084116666
1497544314
718942558
1524574284
1892598831
380773253
154795111
1038734060
1108779957
1549132280
174493732
1400975569
1185682475
1264596812
432964925
1166898439
1241399869
1403967678
2081934557
2123038928
1474467991
1569722004
481117833
871488276
1264982192
467595644
1237324335
1625944444
518862233
1733943211
1030457487
1590854601
1321873857
1015586384
760329532
1330744674
1931036060
2703309
337357776
615313152
1434385359
63307491
1004595972
728068690
288652224
212370195
188046051
1541534420
1326279532
2047322111
212243696
209461005
685413602
644126306
365760415
1237097191
2103302530
477308443
1271579956
1834549195
1845600386
751890234
1225383890
658864500
1109967568
34473887
1729517766
1813931017
1060749907
1761933202
1159317531
530614286
1682202458
1154498851
1147438112
589198324
609135151
679937608
950891969
68022009
784605059
1307634033
57549233
862317881
1756976011
1595670627
660444253
1891072475
497111725
1245375245
1646119053
291099470
541044424
887872770
1761266034
683643190
953582880
197006599
1817609366
605735787
1528885329
1333888148
1076312403
1327798540
1807485803
110220559
1346031399
1156985495
2138274527
1988626391
1555755276
1965521507
1926509995
1242540146
1241250394
1039225000
770073949
1896404021
2057575820
747639099
643518296
884354580
613105173
832104305
763544871
1683856072
1029501938
563328087
1747242233
1208820953
1458456451
899225099
1433814954
1213928891
1408224537
612519772
